%YAML:1.0
---
camera_matrix: !!opencv-matrix
   rows: 3
   cols: 3
   dt: d
   data: [ 1.3469745654940516e+03, 0., 6.6354715846453803e+02, 0.,
       1.3185551424486200e+03, 4.3683981466557134e+02, 0., 0., 1. ]
dist_coeff: !!opencv-matrix
   rows: 1
   cols: 5
   dt: d
   data: [ 6.6728870437886356e-01, -8.3500870778610832e+00,
       1.2426211098386247e-02, -4.1910877430567815e-03,
       1.6931919404844503e+01 ]
